Month,Payment,Principal,Interest,Balance
0,,,,380000
1,1814.178,547.511,1266.667,379452.489
2,1814.178,549.336,1264.842,378903.152
3,1814.178,551.168,1263.011,378351.984
4,1814.178,553.005,1261.173,377798.98
5,1814.178,554.848,1259.33,377244.131
6,1814.178,556.698,1257.48,376687.434
7,1814.178,558.553,1255.625,376128.88
8,1814.178,560.415,1253.763,375568.465
9,1814.178,562.283,1251.895,375006.182
10,1814.178,564.158,1250.021,374442.024
11,1814.178,566.038,1248.14,373875.986
12,1814.178,567.925,1246.253,373308.062
13,1814.178,569.818,1244.36,372738.244
14,1814.178,571.717,1242.461,372166.526
15,1814.178,573.623,1240.555,371592.903
16,1814.178,575.535,1238.643,371017.368
17,1814.178,577.454,1236.725,370439.915
18,1814.178,579.378,1234.8,369860.536
19,1814.178,581.31,1232.868,369279.227
20,1814.178,583.247,1230.931,368695.979
21,1814.178,585.192,1228.987,368110.788
22,1814.178,587.142,1227.036,367523.645
23,1814.178,589.099,1225.079,366934.546
24,1814.178,591.063,1223.115,366343.483
25,1814.178,593.033,1221.145,365750.45
26,1814.178,595.01,1219.168,365155.44
27,1814.178,596.993,1217.185,364558.447
28,1814.178,598.983,1215.195,363959.463
29,1814.178,600.98,1213.198,363358.484
30,1814.178,602.983,1211.195,362755.5
31,1814.178,604.993,1209.185,362150.507
32,1814.178,607.01,1207.168,361543.497
33,1814.178,609.033,1205.145,360934.464
34,1814.178,611.063,1203.115,360323.401
35,1814.178,613.1,1201.078,359710.301
36,1814.178,615.144,1199.034,359095.157
37,1814.178,617.194,1196.984,358477.963
38,1814.178,619.252,1194.927,357858.711
39,1814.178,621.316,1192.862,357237.396
40,1814.178,623.387,1190.791,356614.009
41,1814.178,625.465,1188.713,355988.544
42,1814.178,627.55,1186.628,355360.994
43,1814.178,629.641,1184.537,354731.353
44,1814.178,631.74,1182.438,354099.613
45,1814.178,633.846,1180.332,353465.767
46,1814.178,635.959,1178.219,352829.808
47,1814.178,638.079,1176.099,352191.729
48,1814.178,640.206,1173.972,351551.523
49,1814.178,642.34,1171.838,350909.183
50,1814.178,644.481,1169.697,350264.703
51,1814.178,646.629,1167.549,349618.074
52,1814.178,648.785,1165.394,348969.289
53,1814.178,650.947,1163.231,348318.342
54,1814.178,653.117,1161.061,347665.225
55,1814.178,655.294,1158.884,347009.931
56,1814.178,657.478,1156.7,346352.452
57,1814.178,659.67,1154.508,345692.783
58,1814.178,661.869,1152.309,345030.914
59,1814.178,664.075,1150.103,344366.839
60,1814.178,666.289,1147.889,343700.55
61,1814.178,668.51,1145.668,343032.04
62,1814.178,670.738,1143.44,342361.302
63,1814.178,672.974,1141.204,341688.329
64,1814.178,675.217,1138.961,341013.111
65,1814.178,677.468,1136.71,340335.644
66,1814.178,679.726,1134.452,339655.918
67,1814.178,681.992,1132.186,338973.926
68,1814.178,684.265,1129.913,338289.661
69,1814.178,686.546,1127.632,337603.115
70,1814.178,688.834,1125.344,336914.281
71,1814.178,691.131,1123.048,336223.15
72,1814.178,693.434,1120.744,335529.716
73,1814.178,695.746,1118.432,334833.97
74,1814.178,698.065,1116.113,334135.905
75,1814.178,700.392,1113.786,333435.513
76,1814.178,702.726,1111.452,332732.787
77,1814.178,705.069,1109.109,332027.718
78,1814.178,707.419,1106.759,331320.299
79,1814.178,709.777,1104.401,330610.522
80,1814.178,712.143,1102.035,329898.379
81,1814.178,714.517,1099.661,329183.862
82,1814.178,716.899,1097.28,328466.964
83,1814.178,719.288,1094.89,327747.675
84,1814.178,721.686,1092.492,327025.989
85,1814.178,724.091,1090.087,326301.898
86,1814.178,726.505,1087.673,325575.393
87,1814.178,728.927,1085.251,324846.466
88,1814.178,731.357,1082.822,324115.109
89,1814.178,733.794,1080.384,323381.315
90,1814.178,736.24,1077.938,322645.075
91,1814.178,738.695,1075.484,321906.38
92,1814.178,741.157,1073.021,321165.223
93,1814.178,743.627,1070.551,320421.596
94,1814.178,746.106,1068.072,319675.49
95,1814.178,748.593,1065.585,318926.897
96,1814.178,751.088,1063.09,318175.808
97,1814.178,753.592,1060.586,317422.216
98,1814.178,756.104,1058.074,316666.112
99,1814.178,758.624,1055.554,315907.487
100,1814.178,761.153,1053.025,315146.334
101,1814.178,763.69,1050.488,314382.644
102,1814.178,766.236,1047.942,313616.408
103,1814.178,768.79,1045.388,312847.618
104,1814.178,771.353,1042.825,312076.265
105,1814.178,773.924,1040.254,311302.341
106,1814.178,776.504,1037.674,310525.838
107,1814.178,779.092,1035.086,309746.746
108,1814.178,781.689,1032.489,308965.057
109,1814.178,784.295,1029.884,308180.762
110,1814.178,786.909,1027.269,307393.853
111,1814.178,789.532,1024.646,306604.321
112,1814.178,792.164,1022.014,305812.157
113,1814.178,794.804,1019.374,305017.353
114,1814.178,797.454,1016.725,304219.9
115,1814.178,800.112,1014.066,303419.788
116,1814.178,802.779,1011.399,302617.009
117,1814.178,805.455,1008.723,301811.554
118,1814.178,808.14,1006.039,301003.415
119,1814.178,810.833,1003.345,300192.581
120,1814.178,813.536,1000.642,299379.045
121,1814.178,816.248,997.93,298562.797
122,1814.178,818.969,995.209,297743.828
123,1814.178,821.699,992.479,296922.13
124,1814.178,824.438,989.74,296097.692
125,1814.178,827.186,986.992,295270.506
126,1814.178,829.943,984.235,294440.563
127,1814.178,832.71,981.469,293607.853
128,1814.178,835.485,978.693,292772.368
129,1814.178,838.27,975.908,291934.098
130,1814.178,841.064,973.114,291093.033
131,1814.178,843.868,970.31,290249.165
132,1814.178,846.681,967.497,289402.484
133,1814.178,849.503,964.675,288552.981
134,1814.178,852.335,961.843,287700.646
135,1814.178,855.176,959.002,286845.47
136,1814.178,858.027,956.152,285987.444
137,1814.178,860.887,953.291,285126.557
138,1814.178,863.756,950.422,284262.801
139,1814.178,866.635,947.543,283396.166
140,1814.178,869.524,944.654,282526.641
141,1814.178,872.423,941.755,281654.219
142,1814.178,875.331,938.847,280778.888
143,1814.178,878.248,935.93,279900.639
144,1814.178,881.176,933.002,279019.463
145,1814.178,884.113,930.065,278135.35
146,1814.178,887.06,927.118,277248.29
147,1814.178,890.017,924.161,276358.273
148,1814.178,892.984,921.194,275465.289
149,1814.178,895.96,918.218,274569.328
150,1814.178,898.947,915.231,273670.381
151,1814.178,901.944,912.235,272768.438
152,1814.178,904.95,909.228,271863.488
153,1814.178,907.966,906.212,270955.521
154,1814.178,910.993,903.185,270044.528
155,1814.178,914.03,900.148,269130.499
156,1814.178,917.076,897.102,268213.422
157,1814.178,920.133,894.045,267293.289
158,1814.178,923.2,890.978,266370.088
159,1814.178,926.278,887.9,265443.81
160,1814.178,929.365,884.813,264514.445
161,1814.178,932.463,881.715,263581.982
162,1814.178,935.572,878.607,262646.41
163,1814.178,938.69,875.488,261707.72
164,1814.178,941.819,872.359,260765.901
165,1814.178,944.958,869.22,259820.943
166,1814.178,948.108,866.07,258872.834
167,1814.178,951.269,862.909,257921.566
168,1814.178,954.44,859.739,256967.126
169,1814.178,957.621,856.557,256009.505
170,1814.178,960.813,853.365,255048.692
171,1814.178,964.016,850.162,254084.676
172,1814.178,967.229,846.949,253117.447
173,1814.178,970.453,843.725,252146.994
174,1814.178,973.688,840.49,251173.305
175,1814.178,976.934,837.244,250196.372
176,1814.178,980.19,833.988,249216.181
177,1814.178,983.458,830.721,248232.724
178,1814.178,986.736,827.442,247245.988
179,1814.178,990.025,824.153,246255.963
180,1814.178,993.325,820.853,245262.638
181,1814.178,996.636,817.542,244266.002
182,1814.178,999.958,814.22,243266.044
183,1814.178,1003.291,810.887,242262.753
184,1814.178,1006.636,807.543,241256.117
185,1814.178,1009.991,804.187,240246.126
186,1814.178,1013.358,800.82,239232.769
187,1814.178,1016.736,797.443,238216.033
188,1814.178,1020.125,794.053,237195.908
189,1814.178,1023.525,790.653,236172.383
190,1814.178,1026.937,787.241,235145.446
191,1814.178,1030.36,783.818,234115.087
192,1814.178,1033.795,780.384,233081.292
193,1814.178,1037.24,776.938,232044.052
194,1814.178,1040.698,773.48,231003.354
195,1814.178,1044.167,770.011,229959.187
196,1814.178,1047.648,766.531,228911.539
197,1814.178,1051.14,763.038,227860.399
198,1814.178,1054.643,759.535,226805.756
199,1814.178,1058.159,756.019,225747.597
200,1814.178,1061.686,752.492,224685.911
201,1814.178,1065.225,748.953,223620.686
202,1814.178,1068.776,745.402,222551.91
203,1814.178,1072.338,741.84,221479.572
204,1814.178,1075.913,738.265,220403.659
205,1814.178,1079.499,734.679,219324.159
206,1814.178,1083.098,731.081,218241.062
207,1814.178,1086.708,727.47,217154.354
208,1814.178,1090.33,723.848,216064.024
209,1814.178,1093.965,720.213,214970.059
210,1814.178,1097.611,716.567,213872.448
211,1814.178,1101.27,712.908,212771.178
212,1814.178,1104.941,709.237,211666.237
213,1814.178,1108.624,705.554,210557.613
214,1814.178,1112.319,701.859,209445.293
215,1814.178,1116.027,698.151,208329.266
216,1814.178,1119.747,694.431,207209.519
217,1814.178,1123.48,690.698,206086.039
218,1814.178,1127.225,686.953,204958.815
219,1814.178,1130.982,683.196,203827.833
220,1814.178,1134.752,679.426,202693.081
221,1814.178,1138.535,675.644,201554.546
222,1814.178,1142.33,671.848,200412.216
223,1814.178,1146.137,668.041,199266.079
224,1814.178,1149.958,664.22,198116.121
225,1814.178,1153.791,660.387,196962.33
226,1814.178,1157.637,656.541,195804.693
227,1814.178,1161.496,652.682,194643.197
228,1814.178,1165.367,648.811,193477.83
229,1814.178,1169.252,644.926,192308.578
230,1814.178,1173.15,641.029,191135.428
231,1814.178,1177.06,637.118,189958.368
232,1814.178,1180.984,633.195,188777.385
233,1814.178,1184.92,629.258,187592.465
234,1814.178,1188.87,625.308,186403.595
235,1814.178,1192.833,621.345,185210.762
236,1814.178,1196.809,617.369,184013.953
237,1814.178,1200.798,613.38,182813.155
238,1814.178,1204.801,609.377,181608.354
239,1814.178,1208.817,605.361,180399.537
240,1814.178,1212.846,601.332,179186.69
241,1814.178,1216.889,597.289,177969.801
242,1814.178,1220.945,593.233,176748.856
243,1814.178,1225.015,589.163,175523.841
244,1814.178,1229.099,585.079,174294.742
245,1814.178,1233.196,580.982,173061.546
246,1814.178,1237.306,576.872,171824.24
247,1814.178,1241.431,572.747,170582.809
248,1814.178,1245.569,568.609,169337.241
249,1814.178,1249.721,564.457,168087.52
250,1814.178,1253.886,560.292,166833.633
251,1814.178,1258.066,556.112,165575.567
252,1814.178,1262.26,551.919,164313.308
253,1814.178,1266.467,547.711,163046.841
254,1814.178,1270.689,543.489,161776.152
255,1814.178,1274.924,539.254,160501.228
256,1814.178,1279.174,535.004,159222.054
257,1814.178,1283.438,530.74,157938.616
258,1814.178,1287.716,526.462,156650.9
259,1814.178,1292.008,522.17,155358.891
260,1814.178,1296.315,517.863,154062.576
261,1814.178,1300.636,513.542,152761.94
262,1814.178,1304.972,509.206,151456.968
263,1814.178,1309.322,504.857,150147.647
264,1814.178,1313.686,500.492,148833.961
265,1814.178,1318.065,496.113,147515.896
266,1814.178,1322.458,491.72,146193.437
267,1814.178,1326.867,487.311,144866.571
268,1814.178,1331.29,482.889,143535.281
269,1814.178,1335.727,478.451,142199.554
270,1814.178,1340.18,473.999,140859.374
271,1814.178,1344.647,469.531,139514.728
272,1814.178,1349.129,465.049,138165.599
273,1814.178,1353.626,460.552,136811.972
274,1814.178,1358.138,456.04,135453.834
275,1814.178,1362.665,451.513,134091.169
276,1814.178,1367.208,446.971,132723.961
277,1814.178,1371.765,442.413,131352.196
278,1814.178,1376.337,437.841,129975.859
279,1814.178,1380.925,433.253,128594.934
280,1814.178,1385.528,428.65,127209.405
281,1814.178,1390.147,424.031,125819.259
282,1814.178,1394.781,419.398,124424.478
283,1814.178,1399.43,414.748,123025.048
284,1814.178,1404.095,410.083,121620.953
285,1814.178,1408.775,405.403,120212.178
286,1814.178,1413.471,400.707,118798.708
287,1814.178,1418.182,395.996,117380.525
288,1814.178,1422.91,391.268,115957.615
289,1814.178,1427.653,386.525,114529.963
290,1814.178,1432.412,381.767,113097.551
291,1814.178,1437.186,376.992,111660.365
292,1814.178,1441.977,372.201,110218.388
293,1814.178,1446.783,367.395,108771.604
294,1814.178,1451.606,362.572,107319.998
295,1814.178,1456.445,357.733,105863.554
296,1814.178,1461.3,352.879,104402.254
297,1814.178,1466.171,348.008,102936.083
298,1814.178,1471.058,343.12,101465.026
299,1814.178,1475.961,338.217,99989.064
300,1814.178,1480.881,333.297,98508.183
301,1814.178,1485.818,328.361,97022.365
302,1814.178,1490.77,323.408,95531.595
303,1814.178,1495.739,318.439,94035.856
304,1814.178,1500.725,313.453,92535.13
305,1814.178,1505.728,308.45,91029.403
306,1814.178,1510.747,303.431,89518.656
307,1814.178,1515.783,298.396,88002.873
308,1814.178,1520.835,293.343,86482.038
309,1814.178,1525.905,288.273,84956.133
310,1814.178,1530.991,283.187,83425.142
311,1814.178,1536.094,278.084,81889.048
312,1814.178,1541.215,272.963,80347.833
313,1814.178,1546.352,267.826,78801.481
314,1814.178,1551.507,262.672,77249.975
315,1814.178,1556.678,257.5,75693.297
316,1814.178,1561.867,252.311,74131.43
317,1814.178,1567.073,247.105,72564.356
318,1814.178,1572.297,241.881,70992.059
319,1814.178,1577.538,236.64,69414.521
320,1814.178,1582.796,231.382,67831.725
321,1814.178,1588.072,226.106,66243.653
322,1814.178,1593.366,220.812,64650.287
323,1814.178,1598.677,215.501,63051.61
324,1814.178,1604.006,210.172,61447.603
325,1814.178,1609.353,204.825,59838.251
326,1814.178,1614.717,199.461,58223.533
327,1814.178,1620.1,194.078,56603.434
328,1814.178,1625.5,188.678,54977.934
329,1814.178,1630.918,183.26,53347.015
330,1814.178,1636.355,177.823,51710.661
331,1814.178,1641.809,172.369,50068.851
332,1814.178,1647.282,166.896,48421.569
333,1814.178,1652.773,161.405,46768.797
334,1814.178,1658.282,155.896,45110.514
335,1814.178,1663.81,150.368,43446.705
336,1814.178,1669.356,144.822,41777.349
337,1814.178,1674.92,139.258,40102.429
338,1814.178,1680.503,133.675,38421.925
339,1814.178,1686.105,128.073,36735.82
340,1814.178,1691.725,122.453,35044.095
341,1814.178,1697.364,116.814,33346.73
342,1814.178,1703.022,111.156,31643.708
343,1814.178,1708.699,105.479,29935.009
344,1814.178,1714.395,99.783,28220.614
345,1814.178,1720.109,94.069,26500.505
346,1814.178,1725.843,88.335,24774.662
347,1814.178,1731.596,82.582,23043.066
348,1814.178,1737.368,76.81,21305.698
349,1814.178,1743.159,71.019,19562.539
350,1814.178,1748.97,65.208,17813.569
351,1814.178,1754.8,59.379,16058.769
352,1814.178,1760.649,53.529,14298.121
353,1814.178,1766.518,47.66,12531.603
354,1814.178,1772.406,41.772,10759.197
355,1814.178,1778.314,35.864,8980.883
356,1814.178,1784.242,29.936,7196.641
357,1814.178,1790.189,23.989,5406.451
358,1814.178,1796.157,18.022,3610.295
359,1814.178,1802.144,12.034,1808.151
360,1814.178,1808.151,6.027,0